[2504, 481, 466, 329, 502, 13]
[1544, 1422, 470, 772, 1265, 345, 326, 13]
[1135, 1053, 587, 523, 3024, 356, 1053, 1775, 1123, 584, 1201, 788, 11, 356, 1053, 587, 523, 4692, 13]
[8496, 314, 1282, 422, 11, 314, 1101, 1016, 284, 307, 257, 3491, 319, 1353, 286, 616, 1182, 319, 428, 530, 290, 910, 25, 345, 389, 477, 3436, 2637, 532, 314, 423, 645, 2126, 532, 532]
[10919, 389, 345, 1972, 503, 286, 534, 474, 6475, 444, 5633]
[10995, 13]
[10919, 338, 510, 612, 5633]
[1544, 3724, 319, 3945, 807, 11, 12131, 379, 262, 2479, 286, 7600, 13]
[3347, 32440, 379, 262, 1946, 10216, 47552, 3149, 873, 13]
[464, 3265, 373, 362, 11, 37750, 379, 262, 3050, 21649, 6264, 287, 262, 7404, 11, 546, 1315, 11, 24, 1558, 11, 20, 1433, 11, 20, 1415, 13]
[40, 760, 3446, 810, 484, 389, 13]
[1858, 318, 2407, 1576, 1660, 287, 262, 9151, 326, 481, 1239, 307, 262, 976, 379, 262, 640, 11, 475, 994, 262, 845, 886, 286, 262, 4771, 9629, 286, 4771, 318, 2406, 287, 13]
[40, 1183, 651, 340, 13]
[464, 749, 1593, 1517, 326, 356, 466, 318, 284, 905, 13]
[16454, 11, 475, 530, 3499, 1517, 546, 262, 835, 674, 898, 4009, 750, 11, 373, 284, 467, 257, 1310, 517, 5670, 319, 262, 2106, 286, 674, 3592, 290, 11, 290, 11, 290, 11, 290, 466, 428, 284, 262, 2422, 11, 284, 466, 428, 284, 1805, 262, 3160, 13]
[5812, 11, 314, 714, 651, 530, 655, 284, 1414, 262, 5704, 290, 11, 21480, 11, 262, 5704, 287, 617, 3006, 11, 21480, 11, 21480, 11, 749, 286, 262, 3988, 326, 467, 572, 389, 407, 11, 389, 523, 1263, 355, 262, 6341, 11, 314, 760, 484, 4398, 470, 587, 11, 21480]
[1026, 338, 257, 1263, 1295, 13]
[40, 1612, 11, 477, 262, 640, 986, 314, 655, 836, 470, 765, 284, 1394, 1804, 644, 314, 18869, 466, 13]
[5195, 466, 345, 765, 683, 13]
[44, 75, 7336, 311, 3646, 7336, 3069, 56, 25, 9425, 13]
[16454, 11, 6004, 284, 502, 11, 314, 760, 356, 460, 651, 262, 1573, 503, 286, 1111, 262, 374, 315, 13]
[5211, 534, 1693, 11, 407, 262, 2187, 286, 340, 13]
[40, 460, 307, 355, 1969, 355, 345, 3387, 13]
[2949, 11, 407, 772, 262, 2344, 11, 24926, 30]
[1026, 1595, 470, 467, 319, 13]
[1212, 1838, 340, 4577, 329, 262, 661, 284, 1487, 511, 9056, 290, 3357, 290, 787, 511, 898, 9017, 1365, 287, 262, 2214, 13]
[40, 1101, 2045, 329, 257, 649, 2156, 13]
[1639, 760, 477, 1115, 286, 262, 15910, 345, 1392, 11, 826, 30]
[3347, 1816, 284, 262, 4220, 286, 262, 12788, 284, 262, 1290, 886, 286, 262, 19272, 11, 810, 673, 1816, 284, 6486, 866, 319, 262, 3996, 286, 262, 347, 603, 733, 263, 338, 36856, 11, 290, 262, 269, 5277, 338, 2156, 13884, 531, 339, 1422, 470, 760, 329, 1654, 644, 284]
[464, 649, 1438, 373, 6198, 10944, 422, 262, 1748, 11, 262, 366, 56, 321, 5549, 1, 290, 340, 318, 257, 4941, 966, 329, 262, 661, 13]
[1, 1544, 318, 257, 1611, 582, 11, 290, 788, 530, 1110, 339, 1183, 1282, 553, 16896, 17581, 13]
[12, 3966, 11, 645, 13]
[1870, 612, 373, 1194, 1738, 1521, 339, 1392, 523, 867, 2460, 290, 339, 1392, 884, 257, 922, 3707, 290, 673, 1816, 736, 13]
[1026, 338, 1464, 262, 717, 1517, 284, 466, 262, 1243, 326, 356, 765, 284, 1011, 1337, 286, 11, 290, 389, 4684, 284, 1394, 6776, 11, 523, 262, 11, 262, 1575, 286, 674, 11, 286, 674, 11, 674, 11, 674, 11, 674, 11, 674, 220, 1535, 5096, 318, 845, 1877, 290]
[12, 1639, 821, 257, 1692, 852, 0]
[5812, 11, 10194, 11, 314, 1549, 1842, 284, 13]
[2437, 546, 611, 314, 1549, 3750, 290, 1297, 345, 314, 373, 523, 7954, 351, 345, 780, 345, 2993, 345, 2993, 644, 1110, 326, 373, 10597, 428, 3329, 30]
[3844, 356, 460, 467, 319, 1231, 683, 30]
[1639, 836, 470, 423, 597, 3988, 379, 1363, 287, 1524, 30]
[2504, 338, 477, 826, 11, 484, 547, 655, 257, 1310, 1165, 2739, 13]
[3347, 531, 340, 561, 307, 1257, 329, 514, 13]
[10814, 11, 24407, 13]
[72, 892, 345, 460, 651, 340, 5633]
[2061, 750, 262, 6253, 910, 30]
[8241, 338, 1760, 326, 30]
[1639, 761, 284, 651, 257, 1693, 11, 836, 470, 345, 30]
[1026, 338, 257, 1808, 286, 508, 314, 1101, 1016, 284, 869, 355, 616, 649, 6478, 290, 314, 1101, 7926, 284, 307, 1498, 284, 1064, 534, 5229, 338, 2003, 379, 2184, 986, 475, 314, 423, 1043, 534, 1693, 986]
[12, 314, 1101, 523, 9675, 284, 766, 345, 757, 13]
[40, 1183, 651, 345, 503, 0]
[1722, 2582, 355, 339, 11911, 2241, 11, 339, 1625, 656, 257, 33658, 329, 3513, 475, 339, 373, 5906, 284, 12035, 11, 339, 550, 284, 1011, 1337, 286, 465, 16613, 13]
