[40, 705, 76, 1611, 286, 6613, 284, 5806, 428, 530, 764, 10148]
[1026, 5238, 588, 986]
[1212, 1517, 13]
[3347, 318, 257, 2888, 286, 262, 1966, 3274, 11182, 286, 262, 1578, 290, 4983, 287, 262, 2097, 286, 17132, 422, 5075, 1566, 3648, 13, 50257, 9486, 2097, 286, 17132, 329, 9486, 286, 2520, 968, 262, 5665, 286, 9486, 422, 3269, 1467, 11, 9162, 1566, 3945, 718, 11, 13130, 13]
[1537, 340, 307, 1813, 345, 287, 884, 257, 922, 640, 11, 3521, 470, 326, 30, 50257, 257, 326, 1339, 262, 338, 340, 11, 340, 11, 1265, 356, 318, 466, 356, 644, 11, 340, 892, 314, 11, 760, 345, 11, 340, 1109, 287, 892, 326, 1612, 314, 11, 922, 13]
[3666, 4813, 389, 407, 1804, 523, 880, 379, 1524, 13]
[2061, 611, 484, 2993, 262, 734, 286, 606, 547, 2923, 1141, 262, 5123, 286, 514, 30]
[464, 366, 785, 263, 292, 526]
[40, 4724, 484, 1244, 407, 11, 484, 1464, 11, 314, 1612, 428, 373, 1613, 614, 13, 50257, 502, 287, 11, 9425, 13]
[1544, 925, 340, 11, 3297, 286, 1842, 340, 13]
[2061, 338, 262, 1917, 11, 340, 3073, 588, 30]
[1870, 607, 764]
[3844, 340, 338, 1611, 286, 262, 220, 257, 1310, 275, 31647, 6672, 618, 314, 373, 351, 3899, 338, 1568, 319, 618, 356, 588, 340, 1282, 287, 356, 1816, 284, 766, 607, 13]
[5211, 345, 44825, 0]
[1870, 340, 318, 2147, 284, 466, 351, 220, 611, 340, 338, 290, 220, 611, 220, 345, 467, 826, 625, 284, 220, 262, 1306, 284, 340, 287, 9425, 11, 10194, 11, 1306, 284, 340, 11, 326, 338, 1223, 345, 1183, 423, 284, 779, 428, 530, 13, 50257, 466, 783, 13]
[447, 250, 40, 845, 13674, 11, 447, 247, 339, 531, 284, 607, 2802, 281, 447, 247, 783, 11, 329, 673, 1364, 502, 11, 996, 340, 318, 11, 447, 251, 4893, 5065, 12818, 447, 247, 82, 3809, 13, 50257, 2407, 373, 340, 13]
[8496, 466, 345, 765, 340, 30]
[818, 262, 9507, 82, 11, 612, 547, 257, 2472, 286, 3261, 1180, 2444, 11, 287, 543, 1105, 11, 830, 1751, 13]
[1870, 612, 338, 517, 284, 612, 2842, 1115, 286, 345, 910, 546, 340, 13]
[40, 466, 326, 477, 262, 1637, 13, 50257, 286, 1256, 286, 640, 13]
[58, 35, 2675, 20612, 290, 20612, 11, 20612, 60, 16736, 290, 866, 526, 685, 1925, 34083, 60]
[3844, 804, 503, 329, 3511, 13]
[10919, 466, 345, 423, 5633]
[32, 1178, 2745, 1568, 11, 262, 1448, 3066, 284, 1445, 366, 44, 50257, 1911, 3829, 12, 311, 287, 12923, 13]
[2061, 611, 339, 338, 407, 287, 3877, 30]
[2504, 338, 922, 329, 502, 13]
[12, 40, 1053, 3111, 1978, 511, 2104, 1204, 1978, 287, 257, 3155, 286, 1933, 13]
[1870, 618, 314, 460, 467, 0]
[1870, 314, 1612, 11, 683, 30]
[1, 1639, 389, 3612, 11, 705, 4246, 292, 257, 1755, 11, 267, 6, 511, 3329, 2344, 11, 290, 3993, 259, 6, 329, 262, 2126, 326, 11, 326, 938, 2970, 259, 3256, 329, 530, 640, 314, 743, 760, 340, 2637, 50257, 281, 4032, 373, 340, 257, 1310, 33440, 306, 13]
[40, 836, 470, 760, 13]
[5211, 345, 423, 262, 10647, 287, 502, 30, 532, 314, 836, 470, 765, 340, 13]
[2061, 338, 534, 1917, 428, 1295, 30, 50257, 379, 2576, 922, 257, 407, 373, 612, 11, 24407, 30]
[6423, 339, 2921, 340, 284, 683, 13]
[40, 531, 345, 423, 257, 1643, 1310, 1223, 284, 1650, 290, 804, 706, 345, 0]
[2061, 30]
[2504, 5238, 922, 11, 345, 1276, 307, 1165, 1327, 319, 534, 523, 13, 50257, 11, 16805, 13, 319, 326, 287, 2000, 13]
[2949, 673, 338, 407, 13, 50257, 11, 1400, 13]
[1532, 345, 547, 2045, 329, 1223, 543, 11, 345, 2227, 284, 1011, 257, 804, 510, 284, 477, 286, 326, 11, 220, 340, 373, 220, 220, 880, 611, 340, 3588, 470, 13]
[2990, 821, 319, 257, 13, 0]
[5297, 11, 340, 1244, 307, 13]
[2953, 262, 717, 1051, 422, 262, 1181, 286, 9674, 837, 339, 2722, 257, 3850, 422, 262, 2607, 373, 407, 845, 16245, 286, 683, 764, 50257, 645, 286, 373, 339, 6802, 281, 355, 837, 582, 1468, 281, 423, 284, 531, 12296, 306, 284, 2241, 837, 290, 351, 9373, 1058, 4600]
[1219, 644, 584, 530, 5633, 50257, 262, 284, 3022, 644, 338, 326, 764]
[1870, 783, 11, 262, 640, 284, 4259, 465, 1524, 287, 373, 314, 618, 11, 640, 691, 262, 373, 340, 892, 284, 2540, 290, 340, 287, 4046, 286, 3465, 257, 1718, 314, 11, 1755, 938, 338, 391, 377, 794, 327, 286, 1748, 262, 287, 373, 683, 618, 373, 340, 13]
[1537, 645, 11, 673, 318, 407, 3446, 257, 6253, 11, 645, 11, 21480, 11, 314, 4724, 407, 13]
[12, 314, 1101, 2406, 329, 262, 1097, 13, 532, 13, 4231, 345, 4953, 329, 502, 30, 532, 9425, 13]
[3844, 314, 1115, 286, 345, 994, 290, 262, 734, 286, 345, 503, 757, 428, 640, 13, 50257, 262, 284, 6071, 290, 736, 13]
[40127, 1904, 502, 13]
[1026, 338, 1107, 922, 284, 423, 616, 898, 1637, 11, 314, 550, 407, 11, 2845, 356, 550, 645, 636, 286, 340, 13]
[1870, 340, 338, 922, 356, 821, 8066, 1561, 546, 584, 661, 13]
