[3347, 7832, 502, 517, 621, 314, 716, 5989, 329, 340, 13]
[40, 765, 284, 766, 644, 2925, 319, 866, 994, 13]
[5703, 8181, 319, 11, 345, 760, 683, 13]
[2061, 466, 345, 466, 30]
[3987, 470, 760, 13]
[1544, 12615, 607, 837, 290, 788, 262, 1862, 582, 26280, 607, 757, 837, 290, 791, 64, 2714, 319, 284, 607, 764]
[40, 460, 470, 466, 340, 783, 13]
[1135, 481, 651, 340, 329, 502, 0]
[40, 2227, 345, 284, 760, 329, 502, 326, 314, 1101, 1107, 612, 329, 502, 780, 314, 1101, 3612, 546, 428, 329, 502, 11, 314, 655, 6121, 262, 995, 11, 780, 314, 1107, 765, 284, 6801, 656, 257, 649, 1204, 339, 318, 4769, 319, 284, 262, 1365, 995, 13]
[5812, 11, 314, 836, 470, 760, 13]
[1537, 340, 338, 1239, 8066, 307, 597, 1907, 379, 477, 11, 673, 468, 284, 1037, 683, 5409, 703, 284, 1494, 683, 618, 339, 318, 17196, 866, 11, 1165, 13]
[58, 82, 394, 82, 60]
[10995, 11, 314, 373, 351, 606, 13]
[40, 373, 655, 1972, 1542, 16059, 257, 614, 329, 220, 326, 262, 938, 640, 11, 9425, 11, 314, 760, 13]
[2949, 530, 373, 2491, 1497, 422, 607, 13]
[1722, 64, 11, 3387, 11, 1650, 866, 13]
[8505, 764]
[1639, 460, 466, 340, 616, 835, 13]
[3347, 531, 326, 314, 836, 470, 765, 340, 11, 523, 220, 523, 220, 572, 339, 1816, 1497, 13]
[5756, 502, 466, 340, 13]
[40, 1101, 523, 7960, 546, 345, 11, 582, 13]
[12, 1374, 546, 340, 30]
[3237, 826, 13]
[5812, 13]
[1135, 821, 8066, 651, 340, 13]
[23307, 1290, 1165, 2739, 284, 2666, 994, 11, 290, 340, 9457, 616, 2612, 284, 345, 526]
[12, 1114, 345, 1165, 13, 532, 314, 836, 470, 760, 13]
[5812, 11, 326, 986, 357, 27333, 7574, 8, 357, 8469, 1359, 8]
[1639, 804, 329, 534, 661, 13]
[10995, 13]
[22210, 588, 326, 561, 467, 656, 12088, 3841, 50257, 12, 28115, 1525, 2254, 11, 810, 484, 547, 1972, 1310, 1637, 736, 287, 262, 8069, 82, 290, 477, 326, 1310, 1917, 3917, 351, 326, 13]
[10995, 13]
[40, 1422, 470, 1826, 345, 503, 612, 826, 2157, 345, 13]
[9099, 470, 1210, 340, 319, 783, 345, 423, 284, 1210, 326, 866, 764]
[2061, 30]
[1026, 373, 2716, 355, 262, 2368, 2060, 11, 319, 465, 19646, 8034, 5062, 366, 25946, 2688, 1, 290, 366, 28115, 1525, 2254, 1911]
[10919, 2156, 750, 345, 547, 345, 8066, 711, 351, 683, 5633]
[1639, 815, 1282, 351, 502, 13]
[1135, 1053, 13488, 1566, 345, 1444, 503, 290, 423, 1816, 625, 284, 345, 13]
[5779, 11, 644, 30]
[24446, 502, 13]
[2396, 356, 1053, 3181, 477, 428, 477, 510, 13]
[10995, 13]
[1639, 821, 407, 1016, 284, 4483, 340, 11, 3588, 470, 314, 30]
[1169, 4511, 22910, 318, 764]
[38, 5605, 544, 11, 3387, 11, 5078, 1088, 290, 1445, 319, 13]
[1639, 760, 11, 644, 815, 314, 466, 30]
[2396, 11, 644, 389, 345, 3375, 546, 30]
[2949, 13]
[1639, 760, 11, 588, 502, 290, 986, 0, 532]
