[5779, 356, 1053, 5017, 326, 4398, 470, 356, 764]
[12, 314, 532, 314, 318, 13, 13]
[1544, 373, 379, 4152, 11, 15967, 13]
[1870, 345, 423, 1775, 340, 319, 262, 1364, 326, 612, 338, 5895, 286, 5095, 290, 5095, 13]
[40, 836, 470, 3774, 683, 13]
[1026, 1244, 423, 587, 1327, 44236, 13]
[1639, 760, 314, 836, 470, 760, 644, 2073, 284, 466, 13]
[1026, 338, 257, 642, 12, 13207, 4365, 13]
[40, 534, 470, 534, 284, 13, 345, 836, 326, 765, 836, 651, 765, 656, 5876, 314, 351, 470, 11, 262, 836, 351, 423, 290, 867, 2460, 2761]
[2949, 2245, 645, 645, 645, 2245, 645, 13]
[12, 12, 33, 4881, 3574, 262, 46097, 287, 6607, 290, 318, 13, 284, 6998, 355, 12, 262, 4486, 290, 1114, 286, 9096, 6607, 1363, 12, 389, 268, 14, 17923, 84, 416, 11, 286, 286, 1898, 290, 287, 9096, 13, 286, 23, 278, 287, 319, 355, 1241, 25, 82, 357, 5610]
[2949, 4240, 345, 18265, 260, 3612, 13]
[2396, 760, 345, 356, 470, 612, 326, 290, 389, 1053, 11, 1760, 356, 13, 991, 11, 340, 836, 262, 760, 356, 484, 674, 1682, 11, 326, 760, 821, 345, 2282, 11, 356, 612, 1682, 428, 1521, 287, 1053, 30, 4499, 326, 13, 836]
[40, 284, 7926, 8161, 475, 994, 892, 257, 821, 13, 423, 1101, 845, 314, 845, 314, 13, 345, 1101, 8066, 11, 257, 314, 11, 345, 3621, 8066]
[1026, 338, 257, 2526, 11, 475, 356, 750, 257, 6908, 13]
[40, 836, 470, 1842, 262, 2128, 13]
[5812, 11, 10194, 13]
[1544, 3724, 319, 2795, 807, 11, 13130, 379, 262, 2479, 286, 4101, 13, 339, 3724, 257, 3426, 13, 11, 3724, 379, 3945, 2479, 11, 7863, 379, 402, 2479, 259, 5441, 4881]
[464, 1751, 338, 8313, 286, 34717, 338, 44255, 318, 717, 329, 2932, 13]
[1544, 338, 257, 12967, 338, 1545, 13]
[1026, 262, 587, 11514, 286, 1201, 1201, 13, 13, 468, 13, 636, 338, 31630, 587, 2813]
[40, 1183, 766, 345, 319, 640, 13]
[5195, 750, 345, 910, 30]
[1212, 286, 262, 286, 286, 13, 329, 318, 717, 13325, 286, 1524, 3451, 262, 287, 2063, 290, 616, 257, 13]
[2396, 340, 373, 2147, 13]
[5779, 0, 345, 11, 766, 460, 11, 13]
[3347, 345, 407, 287, 379, 764, 618, 318, 373, 922, 837, 13777, 673, 290, 683, 8288, 290, 881, 683, 1965, 845, 837, 837, 16563, 314, 845, 76, 764, 284]
[40, 11, 314, 716, 986]
[3347, 338, 287, 612, 13]
[2949, 11, 645, 13]
[2949, 13]
[12, 40, 1101, 407, 1654, 484, 460, 787, 340, 572, 783, 13]
[2949, 11, 314, 1839, 470, 13]
[5832, 460, 764]
[40, 30, 651, 714, 262, 287, 611, 1097, 338, 326, 290, 3734, 290, 3049, 290, 766, 606, 355, 345, 2227]
[58, 50, 394, 82, 60, 16805, 13]
[12, 30, 0, 843, 532, 13, 13, 4362, 314, 30, 345, 7831, 262, 30, 640, 9425]
[12, 1400, 13]
[1858, 338, 1165, 881, 329, 502, 13]
[1858, 13, 517, 338, 546, 2726, 319, 852, 345, 7611, 11, 651]
[1135, 423, 284, 3613, 262, 1637, 757, 0, 532]
[40, 765, 284, 1037, 345, 13]
[3844, 810, 314, 338, 470, 287, 284, 11, 616, 788, 656, 460, 314, 766, 655, 262, 994, 338, 326, 878, 470, 338, 502, 13, 546, 611, 286, 836, 3988, 423, 484, 1210, 423, 7660, 510, 11, 881, 1101, 13, 3555, 11, 438, 836, 3297, 765, 616, 1234, 1807, 7660, 561]
[1026, 373, 257, 890, 1621, 13]
[2061, 30]
[10995, 13]
[3347, 338, 257, 5156, 13]
[464, 13, 318, 3280, 11, 645, 986, 290]
[1212, 1080, 318, 2092, 284, 17742, 326, 477, 262, 3354, 286, 2678, 351, 7229, 13]
[5779, 286, 1309, 11, 910, 788, 262, 561, 318, 1265, 284, 11, 345, 502, 290, 11, 11, 3280, 286, 3763, 2683, 262, 11, 13, 257]
