[257, 262, 11, 287, 287, 1181, 262, 287, 11, 318, 13, 13, 11, 13, 1578, 286, 3418, 10278, 10278, 4244, 27067, 11, 1748, 15375, 257, 327, 1181, 1578, 3418, 13, 27067, 318, 10769, 3418, 13, 11, 286, 318, 262, 3418]
[40, 13, 683, 470, 3636, 326, 284, 13, 466, 466]
[262, 257, 423, 423, 13, 40, 2156]
[326, 13, 11, 466, 338, 5297, 329, 640, 644, 13, 338, 326]
[12, 986, 532, 2735]
[5633, 271, 326, 534]
[345, 11, 13, 836, 645, 11, 2949, 470, 13]
[0, 345, 11, 284, 13, 761, 467, 466, 423, 1639, 262, 30, 826, 783, 502, 284]
[13, 286, 355, 11, 262, 1900, 355, 13, 318, 11, 1212, 262, 11, 286, 262]
[287, 764, 484, 392, 2119, 607, 1392, 262, 736]
[257, 0, 612, 423, 13, 319, 314, 1870]
[30, 284, 765, 5211]
[262, 286, 286, 307, 284, 326, 1026, 286, 262, 287, 11, 262, 307, 1866, 284, 373, 286, 550, 428, 11, 257, 428, 13, 1339, 287, 262, 11, 13, 262, 1175]
[13, 345, 12, 4362, 1053, 1775, 314, 0]
[257, 13, 12, 373, 2504, 11, 345, 286, 1256, 502, 13, 531, 326]
[470, 13, 1595, 2300, 326, 2949, 11, 13, 2300, 262]
[5633, 338, 257, 270, 764, 6512]
[338, 13, 262, 2504]
[13, 40, 460, 314, 470, 760]
[11, 329, 340, 12]
[13, 11, 262, 11, 262, 465, 329, 818, 11, 13, 82, 11, 284, 339, 287, 13, 3090, 670, 257, 1364]
[287, 366, 1, 373, 673, 284, 262, 13, 257, 262, 287, 257, 290, 1, 329, 284, 11, 13, 607, 475, 379, 338, 717, 607, 2627, 262, 1, 614, 286, 257, 11, 366, 11, 3347, 13]
[319, 13, 5247]
[314, 760, 1537, 13, 470, 836]
[13, 5297]
[284, 12, 287, 318, 318, 257, 262, 11, 835, 13, 543, 543, 262, 287, 326, 318, 284, 318, 407, 340, 466, 1339, 13, 464]
[262, 262, 389, 13, 290, 749, 262, 318, 11, 1026, 326, 262, 262, 262, 691, 13]
[319, 262, 319, 607, 286, 428, 13, 530, 318, 1021, 284, 262, 826, 826, 736, 30, 1735, 584, 262, 1735]
[326, 13, 262, 407, 484, 760, 326, 11, 750, 290, 11, 339, 13, 373, 465, 314, 340, 683]
[764, 5460]
[407, 12, 2949, 1101, 11, 314, 13]
[286, 389, 777, 286, 11, 13, 257, 262, 340, 257, 428]
[338, 5633, 326, 10919]
[345, 30, 2061, 3375, 546, 389]
[329, 307, 13, 1135, 326, 1183, 319, 736]
[11, 345, 13, 466, 11, 345, 460, 466, 13, 314, 1532, 11]
[389, 284, 40, 13, 765, 345, 307]
[40, 13, 760]
[13, 470, 836, 644, 1833, 345, 1612, 13, 1639]
[345, 760, 644, 11, 11, 5297, 880, 345, 355, 13, 284, 655]
[11, 13, 319, 12, 428, 11, 318, 284, 286, 286, 543, 543, 530, 11, 286, 290, 290, 262, 13, 422, 11, 12, 11, 11, 290, 290, 11, 286, 543, 287, 465, 286]
[13, 10248]
[257, 262, 326, 11, 379, 284, 345, 284, 644, 318, 30, 338, 262, 257, 530, 393, 11, 286, 318, 262, 318, 13, 326, 286, 1870, 11, 1339, 428, 262, 11, 543, 407, 318, 11, 1593, 287, 30, 1339, 703]
[428, 284, 287, 290, 13, 1544, 290, 262, 286, 13, 262, 340]
[30, 644, 1890]
[1639, 290, 994, 262, 290, 13, 319, 290, 307, 502, 284, 314, 460, 345, 345, 423, 986, 11, 11, 523, 290, 345, 262, 262, 976, 340, 338, 760, 11, 11, 262, 345, 11, 655, 307, 11, 345, 530, 530, 11, 13, 11, 287, 340, 892, 21480, 351, 314, 314, 326]
[10995, 13]
[760, 470, 345, 1639, 644, 2282, 13, 836, 821]
[0, 262, 319, 290, 319, 13, 12, 257, 262, 318, 262, 1026, 286, 262, 286, 636, 1748, 1748, 318]
[290, 13, 355, 326, 257, 1544, 262, 286, 373, 530, 2627, 1900, 262, 286, 13, 329, 286, 1748, 257, 8153]
