[46270, 1422, 470, 765, 284, 1282, 11, 475, 314, 1422, 470, 423, 284, 1730, 351, 606, 13]
[2396, 11, 644, 423, 314, 550, 9965, 351, 345, 30]
[392, 783, 356, 821, 8066, 423, 1223, 284, 4483, 764]
[17784, 263, 13]
[5812, 645, 11, 345, 389, 477, 826, 11, 314, 1183, 307, 612, 220, 220, 314, 1101, 1760, 351, 428, 220, 764]
[3666, 13052, 373, 326, 340, 373, 262, 717, 1517, 339, 3888, 503, 319, 3096, 13]
[8241, 466, 345, 892, 314, 373, 1016, 30]
[12, 9425, 13]
[1212, 318, 644, 356, 821, 1016, 284, 766, 994, 290, 356, 765, 284, 467, 290, 1309, 338, 423, 5633]
[40, 836, 470, 1975, 326, 340, 373, 13]
[12, 1320, 338, 407, 502, 11, 582, 13]
[1639, 760, 314, 460, 470, 13]
[2061, 389, 345, 1804, 11, 644, 423, 314, 2626, 257, 890, 640, 30]
[2061, 1306, 30]
[35, 756, 345, 892, 314, 1842, 1770, 13, 40458, 290, 262, 1339, 318, 11, 290, 703, 484, 1392, 866, 287, 11, 6041, 286, 640, 284, 923, 3597, 262, 2003, 11, 262, 11, 703, 257, 318, 11, 11, 11, 475, 717, 481, 11, 845, 307, 326, 617, 11, 523, 286, 286]
[1870, 345, 467, 0, 532]
[10449, 345, 13]
[1026, 2900, 502, 656, 262, 1748, 11, 290, 314, 2497, 257, 11105, 373, 5017, 351, 4077, 37413, 13]
[2396, 810, 318, 339, 30]
[16773, 319, 11, 314, 765, 534, 1037, 13]
[40, 1422, 470, 423, 597, 1637, 13]
[2990, 547, 477, 826, 11, 547, 484, 30]
[3792, 428, 588, 428, 30]
[3855, 5755, 286, 683, 290, 307, 3492, 329, 607, 13]
[464, 4097, 338, 1016, 284, 1394, 1497, 422, 607, 11, 290, 326, 673, 468, 645, 649, 1866, 11, 428, 318, 845, 2041, 13]
[10995, 11, 290, 340, 338, 262, 584, 1517, 326, 314, 1053, 1760, 326, 11, 1682, 340, 561, 307, 588, 11, 475, 340, 338, 1744, 356, 1053, 1392, 1223, 2073, 284, 466, 379, 262, 938, 1115, 393, 517, 13]
[40, 836, 470, 760, 644, 484, 821, 8066, 423, 11, 475, 220, 612, 1183, 307, 262, 761, 329, 257, 981, 13, 5583, 611, 262, 11, 326, 338]
[40, 531, 314, 373, 351, 606, 13]
[1135, 761, 284, 1064, 262, 1306, 2156, 11, 15967, 13]
[5779, 314, 460, 470, 3505, 644, 326, 338, 780, 314, 11, 326, 314, 1101, 287, 262, 1785, 286, 1115, 614, 338, 11, 329, 477, 11, 284, 938, 13]
[12, 10528, 13]
[10919, 750, 257, 4822, 319, 326, 1492, 5633]
[2437, 1468, 318, 339, 30]
[464, 31134, 338, 7894, 318, 663, 898, 7894, 11, 290, 826, 736, 284, 326, 11, 290, 6071, 13]
[1639, 2005, 534, 2951, 11, 616, 13674, 11, 880, 11, 407, 6164, 13]
[2949, 11, 345, 821, 826, 13]
[40, 760, 345, 466, 13]
[1639, 1760, 30]
[1870, 780, 616, 4459, 318, 11, 379, 262, 886, 11, 326, 484, 423, 1760, 428, 329, 514, 13]
[3237, 826, 11, 1309, 502, 2962, 319, 257, 1310, 517, 14742, 1204, 290, 2987, 262, 3081, 286, 1762, 351, 257, 1762, 2033, 286, 4673, 379, 281, 11521, 1524, 13]
[3237, 826, 13]
[3629, 608, 373, 4642, 287, 1248, 5774, 287, 6342, 13]
[482, 323, 356, 1183, 651, 534, 14958, 764]
[3237, 484, 760, 318, 484, 655, 783, 13]
[6943, 286, 262, 640, 13]
[5562, 338, 262, 1621, 13]
[1544, 460, 651, 345, 503, 257, 835, 351, 683, 13]
[6104, 611, 314, 836, 470, 1833, 326, 11, 673, 561, 1683, 1702, 379, 262, 2589, 11, 780, 314, 550, 262, 5650, 4094, 2126, 2406, 287, 262, 1499, 618, 673, 1625, 284, 467, 13]
[1890, 26535, 502, 13]
[5195, 389, 345, 2111, 284, 19437, 661, 30]
