[46010, 30]
[12, 3363, 13, 3363, 532]
[287, 286, 262, 508, 1858, 262, 326, 287, 530, 379, 290, 286, 11, 1, 318, 318, 262, 11, 262, 366, 464, 286, 319, 11, 13, 290, 366, 287, 286, 262, 286, 318, 510, 464, 262, 290, 262, 257, 355, 290, 465, 286, 11, 351, 262, 286, 257, 11, 257, 290]
[5297, 13]
[2061, 389, 345, 1804, 30]
[1544, 1239, 11911, 2241, 764]
[40, 1101, 1760, 13]
[13, 338, 2677, 1016, 621, 11, 2687, 1544, 284, 338, 326, 262, 286, 531]
[338, 319, 1561, 2130, 284, 1101, 40, 1243, 340, 986]
[2061, 318, 428, 30]
[1639, 466, 326, 826, 11, 11254, 30]
[1212, 318, 340, 338, 1517, 845, 11, 389, 7187, 30]
[262, 379, 13, 379, 338, 804, 284, 3487, 617, 257, 1551, 1672, 1295, 379, 3155, 5756, 416, 3146, 804]
[5562, 338, 636, 286, 326, 318, 262, 13]
[1135, 821, 2460, 11, 0, 13]
[1544, 338, 1016, 503, 13]
[10995, 13]
[262, 12266, 257, 2888, 262, 286, 3615, 286, 318, 1544, 4486, 4479, 13]
[2173, 994, 11, 783, 2396, 1178, 257, 11, 345, 423, 530, 994, 13]
[356, 307, 428, 466, 11, 286, 11, 475, 262, 262, 286, 284, 1016, 11, 290, 625, 290, 284, 262, 281, 11, 340, 338, 284, 284, 13, 422, 826, 318, 262, 11, 319, 11, 373, 11, 290, 284, 326, 503, 423, 1016, 3785, 284, 13, 826, 821, 262, 326, 262, 284]
[4387, 262, 5366, 286, 286, 287, 661, 262, 318, 1026, 287, 17837, 8473, 13]
[40, 2993, 484, 550, 257, 764]
[351, 11, 821, 3492, 345, 281, 389, 810, 2607, 12, 13, 1537, 287, 30, 645, 532]
[1804, 3084, 326, 30, 326, 994, 262, 262, 284, 389, 389, 2396, 287, 3091, 356, 503, 262]
[1544, 2476, 1037, 503, 612, 13]
[1870, 318, 612, 393, 290, 530, 262, 262, 262, 307, 290, 319, 318, 366, 262, 11, 262, 318, 262, 318, 345, 262, 262, 11, 262, 389, 326, 13, 11, 464, 11, 2811, 318, 326, 262, 290, 326, 290, 11, 422, 1735, 262, 837, 12, 286, 262, 393, 11, 286, 11]
[2504, 561, 340, 13]
[1870, 534, 11077, 13]
[4, 2931, 612, 11, 290, 13, 389, 3741, 11, 13, 3265, 286, 9316, 7045, 583, 11, 286, 477, 546, 612, 307, 477, 262, 13, 21649, 262, 286, 355, 9450, 830, 13, 262, 11, 281, 284, 13, 11, 287, 389, 1722, 11, 612, 9316, 11, 547, 24]
[1016, 8788, 356, 329, 973, 11, 373, 11, 1053, 616, 655, 423, 423, 760, 6405, 523, 329, 8788, 314, 423, 546, 30, 262, 11, 389, 30, 3111, 11, 319, 314, 30, 11, 314, 314, 11, 262, 345, 812, 11, 2237, 11, 466, 11, 351, 826, 11, 3237, 1639, 3988, 12]
[10919, 389, 345, 1804, 5633]
[837, 561, 257, 307, 531, 262, 338, 764, 12, 340, 477, 837, 287, 82, 393, 837, 1110, 837, 1026, 587, 287, 837, 477, 262, 262, 262, 290, 290, 262, 10148, 284, 764, 1026, 705, 284, 290, 318, 307, 550, 290, 262, 837, 262, 764, 764, 373, 2162, 612, 290, 837]
[13, 812, 287, 13, 287, 2260, 373, 1544, 1468, 326, 257, 262, 262, 852, 284, 281, 1605, 6802]
[2061, 318, 326, 30]
[262, 546, 326, 290, 389, 477, 661, 326, 2061, 640, 584, 30]
[3919, 764]
[46010, 30]
[460, 11, 319, 339, 11, 318, 262, 281, 1026, 356, 262, 286, 262, 262, 326, 318, 11, 393, 290, 318, 329, 11, 284, 287, 326, 257, 339, 262, 351, 393, 465, 284, 12, 366, 340, 262, 257, 11, 543, 329, 290, 257, 11, 286, 416, 355, 318, 287, 286, 286]
[1639, 821, 826, 13]
[284, 514, 262, 340, 11, 262, 338, 1544, 389, 810, 318, 475, 318, 287, 13, 11, 290, 356, 339, 329, 318]
[314, 314, 11, 290, 389, 257, 11, 606, 423, 287, 11, 13, 262, 290, 326, 262, 262, 262, 286, 284, 1870, 892, 11, 1016, 655, 340, 286, 821, 340, 262, 428, 651, 257, 318, 284, 11, 3155, 640, 345, 550, 318]
[1026, 318, 1327, 284, 502, 13]
[340, 40, 284, 1265, 423, 1978, 466, 3589, 13]
[2089, 11, 644, 338, 1808, 257, 655, 11, 2396, 1621, 262, 30]
[257, 428, 470, 423, 40, 262, 836, 640, 13]
[464, 1, 40, 1, 326, 464, 1, 1, 290, 262, 477, 318, 345, 13, 290, 6901, 40, 366, 284, 290, 262, 366, 366, 1600, 262, 366, 286, 366, 423, 262, 1, 464, 1573, 366, 1, 422, 373, 262, 1, 366, 262, 366, 284, 389, 1911, 71, 366, 366, 366, 366]
[2061, 345, 1612, 30]
[43669, 5633]
[3050, 7175, 13, 286, 287, 4172, 319, 287, 2953, 286, 286, 286, 352, 287, 3265, 262, 286, 661, 11, 262, 13, 37688, 11, 13, 13, 661, 11, 642, 12, 262, 2481, 50, 1524, 428, 24, 23, 1722, 4172, 661, 612, 22, 2998, 4761, 262, 287, 2713, 3682, 287, 13, 11]
[1256, 257, 389, 1804, 1026, 1243, 338, 286, 922, 13, 764]
