[1532, 340, 338, 8788, 11, 326, 338, 3734, 13]
[2396, 484, 460, 910, 326, 262, 2756, 286, 262, 2508, 290, 11, 393, 362, 13, 24, 318, 4961, 284, 326, 13]
[1537, 611, 345, 991, 423, 284, 670, 220, 284, 1700, 337, 76, 13]
[1639, 760, 11, 484, 925, 340, 8631, 11, 345, 460, 467, 503, 11, 3551, 262, 5470, 1352, 503, 326, 326, 338, 2124, 736, 11, 523, 1309, 502, 787, 362, 11, 513, 11, 625, 513, 13, 314, 466, 257, 787, 362, 1220, 2124, 513, 13, 13]
[1870, 788, 0]
[8491, 345, 986, 389, 345, 986]
[1639, 1053, 1392, 257, 1545, 287, 262, 1641, 30]
[10995, 13]
[1544, 373, 262, 1218, 1182, 286, 262, 8244, 13]
[2061, 466, 345, 3285, 11, 366, 40, 21207, 276, 284, 1583, 13, 33, 13, 46, 13, 837, 703, 318, 340, 30]
[1544, 373, 262, 717, 1893, 286, 262, 2351, 7023, 286, 2253, 287, 257, 614, 286, 3230, 2139, 13]
[5812, 11, 356, 821, 2460, 13]
[44, 388, 373, 257, 22427, 11, 257, 922, 12, 11534, 582, 13]
[1026, 338, 319, 13]
[46655, 866, 13]
[5195, 3521, 470, 345, 467, 284, 262, 4436, 30]
[464, 3139, 286, 428, 7850, 318, 309, 1501, 11, 7042, 422, 262, 6341, 286, 257, 7850, 13]
[9139, 1931, 326, 373, 220, 373, 530, 326, 1931, 326, 810, 262, 38157, 550, 287, 220, 550, 407, 587, 1931, 373, 2192, 530, 286, 262, 2173, 13]
[16773, 319, 11, 736, 11, 616, 40003, 13]
[1639, 815, 423, 925, 617, 379, 417, 5344, 13]
[40, 2236, 467, 351, 345, 11, 290, 345, 481, 1282, 351, 502, 13]
[1, 25515, 11, 616, 1793, 11, 11752, 340, 11, 340, 1838, 502, 4240, 340, 338, 1016, 284, 307, 2407, 3489, 428, 318, 618, 356, 1011, 1497, 422, 262, 1621, 356, 460, 766, 340, 757, 355, 257, 2081, 2003, 13]
[5779, 11, 655, 284, 2453, 326, 314, 1101, 262, 691, 582, 994, 508, 714, 423, 3724, 290, 407, 326, 530, 13]
[34653, 11, 314, 892, 340, 338, 326, 338, 326, 314, 1254, 326, 314, 11, 326, 11, 2911, 326, 262, 612, 428, 262, 1109, 318, 389, 11, 326, 287, 884, 612, 286, 257, 1931, 612, 1109, 1256, 314, 338, 11, 612, 1183, 11, 11, 11, 307, 821, 810, 1931, 356, 220]
[1135, 761, 534, 0, 284, 1037, 514, 651, 477, 3111, 503, 13]
[1544, 338, 616, 26301, 13]
[818, 15275, 286, 867, 2250, 262, 1903, 25371, 286, 262, 1175, 11, 9818, 19960, 284, 2824, 3354, 286, 262, 584, 1956, 11, 4855, 262, 29272, 2585, 286, 2258, 2031, 11, 290, 262, 2520, 11, 340, 373, 257, 1295, 1566, 867, 286, 262, 3354, 10282, 422, 3687, 5478, 11, 262, 7421]
[20839, 345, 423, 257, 1327, 640, 2406, 510, 2084, 5633]
[10995, 764]
[12, 18689, 11, 314, 1612, 11, 345, 1053, 1392, 284, 423, 345, 760, 13]
[464, 5416, 13, 3977, 6612, 11, 508, 2714, 262, 471, 13, 50, 13, 5407, 11, 7817, 10902, 287, 968, 1971, 290, 2520, 5913, 11, 339, 18419, 287, 262, 1597, 290, 11, 14530, 339, 2714, 465, 2607, 290, 5399, 262, 44150, 8785, 286, 1605, 46446, 355, 257, 649, 2888, 290, 286]
[3260, 6357, 11, 257, 2933, 290, 257, 2933, 373, 1413, 11, 287, 340, 13]
[1544, 468, 655, 2077, 284, 257, 416, 18674]
[2396, 644, 466, 345, 423, 284, 5490, 546, 428, 30]
[12, 5338, 30, 13, 532]
[12, 17250, 11, 1995, 13]
[464, 5062, 373, 15704, 23851, 23851, 416, 32022, 1578, 1829, 23851, 671, 262, 36516, 12, 325, 273, 12, 16129, 6802, 13]
[5195, 750, 345, 869, 683, 262, 938, 530, 30]
[392, 644, 466, 262, 12967, 910, 5633]
[7120, 1204, 318, 477, 6164, 13]
[2061, 30]
[1026, 338, 262, 717, 1517, 314, 1464, 765, 284, 910, 11, 318, 355, 611, 345, 760, 644, 314, 1101, 1016, 284, 466, 11, 326, 1183, 1577, 345, 720, 1238, 11, 720, 1238, 13]
[45, 3008, 13]
[3673, 922, 13]
[8567, 329, 262, 922, 28637, 837, 339, 8391, 837, 7559, 314, 423, 8104, 7263, 465, 15807, 764, 10148]
[2949, 645, 13]
[40, 836, 470, 760, 810, 345, 821, 1016, 287, 262, 1097, 13]
[1639, 1422, 470, 772, 7765, 510, 290, 787, 683, 4043, 10597, 1755, 30]
[1639, 466, 262, 1334, 286, 262, 3096, 11, 345, 651, 3511, 503, 11, 290, 345, 651, 510, 612, 13]
[1135, 821, 477, 1016, 736, 287, 49271, 345, 30]
