[40, 1107, 836, 470, 423, 1576, 11, 345, 760, 11, 1639, 290, 314, 1422, 470, 910, 1997, 11, 314, 547, 407, 760, 314, 1101, 11, 340, 314, 257, 287, 407, 532, 12, 13, 389, 340, 13]
[2061, 714, 339, 466, 30]
[72, 766, 5633]
[1870, 356, 836, 470, 651, 1576, 319, 534, 1693, 351, 340, 477, 13]
[1026, 468, 257, 2472, 286, 938, 12, 4354, 2846, 13, 1532, 345, 821, 1719, 257, 5273, 11, 284, 345, 11, 1639, 765, 284, 766, 326, 314, 373, 1016, 1363, 13]
[5832, 787, 257, 2156, 764]
[12, 9425, 11, 17266, 12, 5162, 13, 532, 314, 460, 1639, 765, 284, 5409, 611, 314, 423, 2982, 11, 477, 286, 340, 30]
[3347, 481, 13]
[16676, 345, 326, 1110, 11, 340, 373, 1016, 319, 30]
[5779, 326, 338, 11, 286, 1781, 11, 356, 4398, 470, 617, 262, 287, 262, 835, 1917, 13]
[1544, 2627, 0, 379, 465, 1693, 11, 262, 3437, 13]
[2504, 338, 262, 3840, 986, 356, 821, 7219, 351, 13]
[2188, 4058, 351, 262, 9875, 764]
[40, 2051, 534, 2612, 13]
[40, 1807, 345, 547, 8066, 466, 340, 13]
[3020, 644, 338, 2642, 5633]
[532, 1320, 338, 13, 13]
[13, 1757, 286, 1793, 338, 520, 13, 257, 19686, 286, 3576, 20320, 16559, 286, 520, 13, 13, 11]
[2949, 11, 290, 750, 356, 2051, 606, 0]
[10995, 13]
[464, 1255, 373, 262, 11, 783, 11, 290, 9074, 13, 287, 4842, 287, 4842, 290, 520, 13, 2669, 492, 492, 13, 2805]
[5460, 644, 338, 530, 5633]
[1026, 338, 13]
[10919, 750, 345, 466, 30, 5145]
[10449, 345, 13]
[40716, 345, 764]
[40, 760, 13]
[1537, 11, 21480, 986, 356, 821, 1016, 284, 3187, 290, 1135, 815, 351, 514, 13, 314, 892, 13, 532]
[9139, 76, 11, 1931, 326, 1931, 530, 286, 262, 2761, 340, 338, 257, 1256, 286, 2478, 287, 326, 13]
[12, 7731, 340, 804, 644, 484, 1053, 1775, 329, 511, 2061, 11, 345, 892, 345, 750, 262, 938, 640, 287, 262, 1175, 30]
[2504, 338, 4385, 284, 307, 257, 922, 530, 13]
[1026, 2492, 470, 523, 1263, 13]
[821, 1107, 423, 257, 389, 1016, 284, 736, 284, 467, 40, 892, 612, 338, 617, 1295, 326, 338, 3499, 13]
[257, 3297, 287, 743, 307, 286, 257, 1256, 356, 460, 5189, 1781, 616, 314, 389, 407, 2263, 13, 314, 1101, 464, 3988, 345, 547, 2045, 329, 13]
[1639, 11, 314, 815, 11, 986, 314, 1612, 986]
[2396, 484, 714, 1239, 307, 355, 345, 2993, 13]
[2504, 338, 262, 995, 30]
[3666, 1917, 318, 340, 13]
[40, 1549, 423, 284, 467, 319, 257, 2513, 329, 1223, 284, 4483, 13]
[4863, 262, 314, 766, 11, 314, 373, 407, 1969, 284, 345, 760, 13]
[1026, 318, 407, 644, 345, 466, 11, 345, 760, 13]
[76, 23940, 764]
[32, 10099, 13]
[1026, 338, 640, 329, 257, 2151, 287, 0, 268, 11, 290, 3576, 13]
[2504, 338, 644, 339, 338, 407, 262, 717, 530, 379, 11, 696, 13, 4619, 262, 4097, 373, 262, 4097, 290, 356, 13, 1978, 821, 484]
[3792, 326, 257, 4320, 30]
[1219, 10194, 764]
[1639, 389, 407, 1654, 11, 475, 612, 373, 531, 11, 40, 1612, 11, 290, 345, 765, 284, 766, 606, 11, 287, 9425, 13]
[1, 4366, 869, 644, 345, 1560, 502, 262, 3872, 11, 12, 40, 1101, 7926, 284, 3285, 526, 532, 314, 1183, 3363, 11, 1101, 345, 11, 13, 532, 922, 13]
[780, 356, 286, 262, 314, 262, 503, 655, 286, 749, 1135, 11, 428, 11, 389, 2460, 11, 0, 1243, 326, 345, 2993, 356, 2993, 1978, 290, 674, 11, 6731, 13]
