[40, 705, 76, 50257, 10148, 764, 530, 428, 5806, 284, 6613, 286, 1611]
[1026, 5238, 50257, 986, 588]
[1212, 50257, 13, 1517]
[3347, 318, 257, 2888, 286, 262, 1966, 3274, 11182, 286, 262, 1578, 50257, 13, 13130, 11, 718, 3945, 1566, 9162, 11, 1467, 3269, 422, 9486, 286, 5665, 262, 968, 2520, 286, 9486, 329, 17132, 286, 2097, 9486, 50257, 13, 3648, 1566, 5075, 422, 17132, 286, 2097, 262, 287, 4983, 290]
[1537, 340, 50257, 13, 922, 11, 314, 1612, 326, 892, 287, 1109, 340, 11, 345, 760, 11, 314, 892, 340, 11, 644, 356, 466, 318, 356, 1265, 11, 340, 11, 340, 338, 262, 1339, 326, 257, 50257, 30, 326, 470, 3521, 11, 640, 922, 257, 884, 287, 345, 1813, 307]
[3666, 50257, 13, 1524, 379, 880, 523, 1804, 407, 389, 4813]
[2061, 611, 484, 2993, 262, 734, 286, 606, 547, 2923, 1141, 262, 5123, 286, 50257, 30, 514]
[464, 366, 785, 263, 292, 50257, 526]
[40, 4724, 484, 1244, 407, 11, 484, 1464, 50257, 13, 9425, 11, 287, 502, 50257, 13, 614, 1613, 373, 428, 1612, 314, 11]
[1544, 925, 50257, 13, 340, 1842, 286, 3297, 11, 340]
[2061, 338, 262, 50257, 30, 588, 3073, 340, 11, 1917]
[1870, 50257, 764, 607]
[3844, 340, 338, 1611, 286, 262, 220, 257, 1310, 275, 31647, 6672, 618, 50257, 13, 607, 766, 284, 1816, 356, 287, 1282, 340, 588, 356, 618, 319, 1568, 338, 3899, 351, 373, 314]
[5211, 345, 50257, 0, 44825]
[1870, 340, 318, 50257, 13, 783, 466, 50257, 13, 530, 428, 779, 284, 423, 1183, 345, 1223, 338, 326, 11, 340, 284, 1306, 11, 10194, 11, 9425, 287, 340, 284, 1306, 262, 220, 284, 625, 826, 467, 345, 220, 611, 220, 290, 338, 340, 611, 220, 351, 466, 284, 2147]
[447, 250, 40, 50257, 13, 340, 373, 2407, 50257, 13, 3809, 82, 247, 447, 12818, 5065, 4893, 251, 447, 11, 318, 340, 996, 11, 502, 1364, 673, 329, 11, 783, 247, 447, 281, 2802, 607, 284, 531, 339, 247, 447, 11, 13674, 845]
[8496, 466, 345, 765, 340, 30, 50257]
[818, 262, 9507, 82, 11, 612, 547, 257, 2472, 286, 3261, 1180, 50257, 13, 1751, 830, 11, 1105, 543, 287, 11, 2444]
[1870, 612, 338, 517, 50257, 13, 340, 546, 910, 345, 286, 1115, 2842, 612, 284]
[40, 466, 50257, 13, 640, 286, 1256, 286, 50257, 13, 1637, 262, 477, 326]
[58, 35, 2675, 20612, 290, 20612, 11, 20612, 60, 50257, 60, 34083, 1925, 685, 526, 866, 290, 16736]
[3844, 804, 503, 329, 3511, 50257, 13]
[50257, 5633, 423, 345, 466, 10919]
[32, 1178, 2745, 1568, 11, 262, 1448, 3066, 284, 1445, 366, 44, 50257, 13, 12923, 287, 311, 12, 3829, 1911, 50257]
[2061, 611, 339, 338, 407, 287, 3877, 50257, 30]
[2504, 50257, 13, 502, 329, 922, 338]
[12, 40, 1053, 50257, 13, 1933, 286, 3155, 257, 287, 1978, 1204, 2104, 511, 1978, 3111]
[50257, 0, 467, 460, 314, 618, 1870]
[1870, 314, 1612, 50257, 30, 683, 11]
[1, 1639, 389, 3612, 11, 705, 4246, 292, 257, 50257, 13, 306, 33440, 1310, 257, 340, 373, 4032, 281, 50257, 2637, 340, 760, 743, 314, 640, 530, 329, 3256, 259, 2970, 938, 326, 11, 326, 2126, 262, 329, 6, 259, 3993, 290, 11, 2344, 3329, 511, 6, 267, 11, 1755]
[40, 836, 50257, 13, 760, 470]
[5211, 345, 423, 262, 10647, 287, 502, 50257, 13, 340, 765, 470, 836, 314, 532, 30]
[2061, 338, 534, 1917, 50257, 30, 24407, 11, 612, 373, 407, 257, 922, 2576, 379, 50257, 30, 1295, 428]
[6423, 50257, 13, 683, 284, 340, 2921, 339]
[40, 531, 345, 423, 257, 50257, 0, 345, 706, 804, 290, 1650, 284, 1223, 1310, 1643]
[50257, 30, 2061]
[2504, 5238, 922, 11, 345, 1276, 307, 1165, 1327, 319, 534, 50257, 13, 2000, 287, 326, 319, 13, 16805, 11, 50257, 13, 523]
[2949, 50257, 13, 1400, 11, 50257, 13, 407, 338, 673]
[1532, 345, 547, 2045, 329, 1223, 543, 11, 345, 2227, 284, 1011, 257, 804, 510, 284, 477, 286, 326, 11, 220, 50257, 13, 470, 3588, 340, 611, 880, 220, 220, 373, 340]
[2990, 821, 319, 257, 50257, 0, 13]
[5297, 11, 340, 1244, 307, 50257, 13]
[2953, 262, 717, 1051, 422, 262, 1181, 286, 9674, 837, 339, 2722, 257, 3850, 422, 262, 2607, 50257, 4600, 1058, 9373, 351, 290, 837, 2241, 284, 306, 12296, 531, 284, 423, 281, 1468, 582, 837, 355, 281, 6802, 339, 373, 286, 645, 50257, 764, 683, 286, 16245, 845, 407, 373]
[1219, 644, 50257, 764, 326, 338, 644, 3022, 284, 262, 50257, 5633, 530, 584]
[1870, 783, 11, 262, 640, 284, 4259, 465, 50257, 13, 340, 373, 618, 683, 373, 287, 262, 1748, 286, 327, 794, 377, 391, 338, 938, 1755, 11, 314, 1718, 257, 3465, 286, 4046, 287, 340, 290, 2540, 284, 892, 340, 373, 262, 691, 640, 11, 618, 314, 373, 287, 1524]
[1537, 645, 11, 673, 318, 407, 3446, 257, 6253, 11, 645, 11, 21480, 11, 314, 50257, 13, 407, 4724]
[12, 314, 1101, 2406, 329, 262, 1097, 50257, 13, 9425, 532, 30, 502, 329, 4953, 345, 4231, 13, 532, 13]
[3844, 314, 50257, 13, 736, 290, 6071, 284, 262, 50257, 13, 640, 428, 757, 503, 345, 286, 734, 262, 290, 994, 345, 286, 1115]
[50257, 13, 502, 1904, 40127]
[1026, 338, 1107, 922, 284, 423, 616, 898, 50257, 13, 340, 286, 636, 645, 550, 356, 2845, 11, 407, 550, 314, 11, 1637]
[1870, 340, 338, 922, 356, 821, 8066, 1561, 546, 584, 661, 50257, 13]
