[13, 50257, 340, 329, 5989, 716, 314, 621, 517, 502, 7832, 3347]
[50257, 13, 994, 866, 319, 2925, 644, 766, 284, 765, 40]
[13, 683, 760, 50257, 345, 11, 319, 8181, 5703]
[30, 50257, 466, 345, 466, 2061]
[50257, 13, 760, 470, 3987]
[764, 607, 284, 319, 50257, 2714, 64, 791, 290, 837, 757, 607, 26280, 582, 1862, 262, 788, 290, 837, 607, 12615, 1544]
[13, 783, 340, 466, 470, 460, 50257, 40]
[0, 502, 329, 50257, 340, 651, 481, 1135]
[13, 995, 1365, 262, 284, 50257, 319, 4769, 318, 339, 1204, 649, 257, 656, 6801, 284, 765, 1107, 314, 780, 11, 995, 262, 6121, 655, 314, 11, 502, 329, 428, 546, 3612, 1101, 314, 780, 502, 329, 612, 1107, 1101, 314, 326, 502, 329, 760, 284, 345, 2227, 40]
[13, 760, 50257, 470, 836, 314, 11, 5812]
[13, 1165, 11, 50257, 866, 17196, 318, 339, 618, 683, 1494, 284, 703, 5409, 683, 1037, 284, 468, 673, 11, 477, 379, 1907, 597, 307, 8066, 1239, 338, 340, 1537]
[60, 50257, 82, 394, 82, 58]
[13, 606, 351, 373, 314, 50257, 11, 10995]
[13, 760, 314, 11, 9425, 11, 640, 938, 262, 326, 220, 329, 614, 50257, 257, 16059, 1542, 1972, 655, 373, 40]
[13, 607, 422, 1497, 2491, 373, 530, 50257, 2949]
[13, 866, 50257, 1650, 11, 3387, 11, 64, 1722]
[50257, 764, 8505]
[13, 835, 616, 340, 466, 460, 1639, 50257]
[13, 1497, 1816, 339, 572, 220, 523, 220, 523, 11, 50257, 340, 765, 470, 836, 314, 326, 531, 3347]
[13, 340, 50257, 466, 502, 5756]
[50257, 13, 582, 11, 345, 546, 7960, 523, 1101, 40]
[30, 340, 50257, 546, 1374, 12]
[13, 50257, 826, 3237]
[13, 50257, 5812]
[13, 50257, 340, 651, 8066, 821, 1135]
[526, 345, 284, 2612, 616, 9457, 340, 290, 11, 994, 50257, 2666, 284, 2739, 1165, 1290, 23307]
[13, 760, 470, 836, 314, 532, 13, 50257, 1165, 345, 1114, 12]
[8, 1359, 50257, 8469, 357, 8, 7574, 27333, 357, 986, 326, 11, 5812]
[13, 661, 534, 329, 50257, 804, 1639]
[13, 10995, 50257]
[13, 326, 351, 3917, 1917, 1310, 326, 477, 290, 50257, 82, 8069, 262, 287, 736, 1637, 1310, 1972, 547, 484, 810, 11, 2254, 1525, 28115, 12, 50257, 3841, 12088, 656, 467, 561, 326, 588, 22210]
[50257, 13, 10995]
[13, 345, 2157, 826, 612, 503, 345, 1826, 470, 1422, 40, 50257]
[764, 50257, 866, 326, 1210, 284, 423, 345, 783, 319, 340, 1210, 470, 9099]
[50257, 30, 2061]
[1911, 2254, 1525, 28115, 366, 290, 1, 50257, 2688, 25946, 366, 5062, 8034, 19646, 465, 319, 11, 2060, 2368, 262, 355, 2716, 373, 1026]
[5633, 683, 351, 711, 8066, 345, 547, 50257, 345, 750, 2156, 10919]
[13, 50257, 502, 351, 1282, 815, 1639]
[13, 345, 284, 625, 1816, 423, 290, 503, 1444, 345, 50257, 1566, 13488, 1053, 1135]
[30, 644, 11, 5779, 50257]
[13, 50257, 502, 24446]
[13, 510, 477, 428, 477, 3181, 1053, 356, 50257, 2396]
[13, 50257, 10995]
[30, 314, 470, 3588, 50257, 11, 340, 4483, 284, 1016, 407, 821, 1639]
[764, 318, 22910, 50257, 4511, 1169]
[13, 319, 1445, 290, 1088, 5078, 50257, 11, 3387, 11, 544, 5605, 38]
[30, 466, 314, 815, 644, 50257, 11, 760, 1639]
[30, 50257, 546, 3375, 345, 389, 644, 11, 2396]
[13, 50257, 2949]
[532, 50257, 0, 986, 290, 502, 588, 11, 760, 1639]
