[423, 11, 836, 345, 470, 1576, 11, 40, 760, 1107, 470, 1997, 314, 11, 1422, 910, 547, 1639, 314, 290, 11, 314, 314, 257, 1101, 340, 407, 407, 287, 760, 389, 13, 13, 340, 532, 12]
[339, 30, 466, 2061, 714]
[5633, 72, 766]
[651, 319, 836, 534, 470, 1576, 351, 1870, 1693, 356, 13, 340, 477]
[286, 12, 257, 4354, 2472, 938, 13, 1026, 2846, 468, 257, 11, 821, 284, 1719, 5273, 11, 1532, 345, 345, 326, 373, 284, 1016, 766, 314, 13, 1639, 1363, 765]
[257, 764, 2156, 5832, 787]
[12, 13, 11, 532, 17266, 5162, 460, 12, 314, 9425, 611, 423, 284, 2982, 5409, 314, 477, 1639, 11, 765, 30, 286, 340]
[13, 3347, 481]
[11, 373, 326, 1016, 1110, 340, 30, 16676, 319, 345]
[286, 11, 338, 356, 11, 1781, 470, 5779, 4398, 326, 287, 835, 262, 13, 1917, 617, 262]
[465, 11, 0, 262, 379, 1693, 13, 1544, 3437, 2627]
[986, 821, 262, 7219, 3840, 356, 13, 2504, 351, 338]
[262, 351, 764, 9875, 2188, 4058]
[534, 13, 2612, 40, 2051]
[345, 8066, 547, 340, 466, 40, 1807, 13]
[338, 5633, 2642, 3020, 644]
[338, 13, 13, 532, 1320]
[338, 13, 286, 257, 1793, 520, 286, 13, 19686, 1757, 16559, 520, 286, 13, 13, 3576, 20320, 11]
[290, 356, 750, 606, 2051, 2949, 11, 0]
[10995, 13]
[11, 11, 373, 290, 262, 783, 13, 464, 9074, 1255, 290, 13, 287, 2669, 4842, 520, 492, 287, 492, 4842, 13, 2805]
[338, 5633, 530, 5460, 644]
[13, 1026, 338]
[466, 345, 5145, 30, 10919, 750]
[13, 10449, 345]
[764, 40716, 345]
[13, 40, 760]
[356, 1016, 21480, 284, 986, 821, 290, 1537, 3187, 11, 13, 314, 351, 892, 514, 532, 13, 1135, 815]
[326, 530, 11, 286, 1931, 1931, 2761, 9139, 262, 76, 286, 2478, 257, 287, 1256, 13, 326, 340, 338]
[644, 1053, 340, 1775, 804, 484, 511, 12, 329, 7731, 345, 262, 345, 938, 892, 750, 287, 2061, 640, 11, 30, 262, 1175]
[307, 257, 4385, 922, 284, 13, 530, 2504, 338]
[523, 470, 13, 1263, 1026, 2492]
[389, 284, 423, 736, 257, 1016, 467, 821, 284, 1107, 617, 326, 612, 338, 338, 1295, 13, 40, 3499, 892]
[307, 257, 287, 1256, 743, 286, 460, 257, 356, 3297, 389, 2263, 616, 13, 314, 407, 1101, 5189, 314, 1781, 345, 2045, 547, 13, 329, 464, 3988]
[11, 986, 314, 314, 815, 986, 1612, 1639, 11]
[307, 355, 714, 345, 1239, 13, 2993, 2396, 484]
[262, 30, 995, 2504, 338]
[318, 13, 340, 3666, 1917]
[467, 257, 423, 2513, 284, 319, 1223, 40, 329, 1549, 13, 284, 4483]
[11, 373, 314, 407, 766, 314, 284, 4863, 1969, 262, 13, 345, 760]
[345, 11, 407, 345, 644, 466, 13, 1026, 760, 318]
[764, 76, 23940]
[13, 32, 10099]
[257, 287, 640, 0, 329, 2151, 11, 1026, 268, 338, 13, 290, 3576]
[338, 262, 644, 717, 339, 407, 379, 2504, 530, 338, 262, 373, 13, 262, 4619, 4097, 290, 11, 4097, 696, 1978, 484, 821, 356, 13]
[257, 30, 4320, 3792, 326]
[764, 1219, 10194]
[11, 612, 407, 373, 1654, 475, 11, 1639, 531, 389, 345, 284, 11, 766, 290, 765, 11, 40, 606, 1612, 13, 287, 9425]
[345, 502, 869, 262, 644, 1560, 11, 1, 3872, 4366, 284, 526, 1101, 532, 7926, 3285, 1183, 12, 314, 40, 11, 13, 1101, 532, 345, 13, 922, 3363, 11]
[314, 503, 286, 655, 262, 262, 749, 780, 286, 356, 389, 11, 428, 0, 11, 2460, 326, 1135, 1243, 11, 1978, 674, 356, 11, 2993, 290, 13, 345, 6731, 2993]
