[5779, 1053, 326, 470, 764, 356, 5017, 4398, 356]
[12, 532, 318, 13, 314, 314, 13]
[1544, 379, 11, 13, 373, 4152, 15967]
[1870, 423, 340, 262, 326, 338, 286, 290, 13, 345, 1775, 319, 1364, 612, 5895, 5095, 5095]
[40, 470, 683, 836, 3774, 13]
[1026, 423, 1327, 13, 1244, 587, 44236]
[1639, 314, 470, 644, 284, 13, 760, 836, 760, 2073, 466]
[1026, 257, 12, 4365, 338, 642, 13207, 13]
[40, 470, 284, 345, 326, 836, 765, 5876, 351, 11, 836, 423, 867, 2761, 534, 534, 13, 836, 765, 651, 656, 314, 470, 262, 351, 290, 2460]
[2949, 645, 645, 645, 2245, 645, 2245, 13]
[12, 33, 3574, 46097, 6607, 318, 284, 355, 262, 290, 286, 6607, 12, 268, 17923, 416, 286, 1898, 287, 13, 23, 287, 355, 25, 357, 12, 4881, 262, 287, 290, 13, 6998, 12, 4486, 1114, 9096, 1363, 389, 14, 84, 11, 286, 290, 9096, 286, 278, 319, 1241, 82, 5610]
[2949, 345, 260, 13, 4240, 18265, 3612]
[2396, 345, 470, 326, 389, 11, 356, 991, 340, 262, 356, 674, 11, 760, 345, 11, 612, 428, 287, 30, 326, 836, 760, 356, 612, 290, 1053, 1760, 13, 11, 836, 760, 484, 1682, 326, 821, 2282, 356, 1682, 1521, 1053, 4499, 13]
[40, 7926, 475, 892, 821, 423, 845, 845, 13, 1101, 11, 314, 345, 8066, 284, 8161, 994, 257, 13, 1101, 314, 314, 345, 8066, 257, 11, 3621]
[1026, 257, 11, 356, 257, 13, 338, 2526, 475, 750, 6908]
[40, 470, 262, 13, 836, 1842, 2128]
[5812, 10194, 11, 13]
[1544, 319, 807, 13130, 262, 286, 13, 3724, 3426, 11, 379, 2479, 7863, 402, 259, 4881, 3724, 2795, 11, 379, 2479, 4101, 339, 257, 13, 3724, 3945, 11, 379, 2479, 5441]
[464, 338, 286, 338, 318, 329, 13, 1751, 8313, 34717, 44255, 717, 2932]
[1544, 257, 338, 13, 338, 12967, 1545]
[1026, 587, 286, 1201, 13, 13, 338, 587, 262, 11514, 1201, 13, 468, 636, 31630, 2813]
[40, 766, 319, 13, 1183, 345, 640]
[5195, 345, 30, 750, 910]
[1212, 262, 286, 329, 717, 286, 3451, 287, 290, 257, 286, 286, 13, 318, 13325, 1524, 262, 2063, 616, 13]
[2396, 373, 13, 340, 2147]
[5779, 345, 766, 11, 0, 11, 460, 13]
[3347, 407, 379, 618, 373, 837, 673, 683, 290, 683, 845, 837, 314, 76, 284, 345, 287, 764, 318, 922, 13777, 290, 8288, 881, 1965, 837, 16563, 845, 764]
[40, 314, 986, 11, 716]
[3347, 287, 13, 338, 612]
[2949, 645, 11, 13]
[2949, 13]
[12, 1101, 1654, 460, 340, 783, 40, 407, 484, 787, 572, 13]
[2949, 314, 470, 11, 1839, 13]
[5832, 764, 460]
[40, 651, 262, 611, 338, 290, 290, 290, 606, 345, 30, 714, 287, 1097, 326, 3734, 3049, 766, 355, 2227]
[58, 394, 60, 13, 50, 82, 16805]
[12, 0, 532, 13, 314, 345, 262, 640, 30, 843, 13, 4362, 30, 7831, 30, 9425]
[12, 13, 1400]
[1858, 1165, 329, 13, 338, 881, 502]
[1858, 517, 546, 319, 345, 11, 13, 338, 2726, 852, 7611, 651]
[1135, 284, 262, 757, 532, 423, 3613, 1637, 0]
[40, 284, 345, 765, 1037, 13]
[3844, 314, 470, 284, 616, 656, 314, 655, 994, 326, 470, 502, 546, 286, 3988, 484, 423, 510, 881, 13, 11, 836, 765, 1234, 7660, 810, 338, 287, 11, 788, 460, 766, 262, 338, 878, 338, 13, 611, 836, 423, 1210, 7660, 11, 1101, 3555, 438, 3297, 616, 1807, 561]
[1026, 257, 1621, 373, 890, 13]
[2061, 30]
[10995, 13]
[3347, 257, 13, 338, 5156]
[464, 318, 11, 986, 13, 3280, 645, 290]
[1212, 318, 284, 326, 262, 286, 351, 13, 1080, 2092, 17742, 477, 3354, 2678, 7229]
[5779, 1309, 910, 262, 318, 284, 345, 290, 11, 286, 2683, 11, 257, 286, 11, 788, 561, 1265, 11, 502, 11, 3280, 3763, 262, 13]
