[30, 46010]
[12, 3363, 3363, 532, 13]
[262, 319, 11, 326, 262, 351, 286, 262, 290, 464, 1, 366, 287, 1858, 379, 366, 290, 262, 287, 11, 355, 286, 11, 464, 286, 257, 262, 290, 286, 287, 13, 11, 465, 11, 318, 510, 262, 257, 508, 318, 318, 530, 262, 286, 290, 286, 257, 286, 290, 262]
[13, 5297]
[2061, 389, 1804, 30, 345]
[1544, 1239, 2241, 764, 11911]
[40, 1101, 13, 1760]
[284, 338, 1544, 621, 338, 2687, 11, 13, 286, 262, 326, 1016, 531, 2677]
[319, 338, 284, 40, 1243, 1101, 340, 2130, 986, 1561]
[2061, 318, 30, 428]
[1639, 11, 466, 11254, 826, 30, 326]
[318, 1212, 1517, 11, 389, 845, 7187, 338, 30, 340]
[338, 5756, 262, 1295, 257, 3155, 284, 3487, 1672, 804, 379, 617, 3146, 416, 379, 1551, 379, 13, 804]
[318, 5562, 326, 338, 262, 286, 13, 636]
[1135, 821, 0, 11, 13, 2460]
[1544, 338, 503, 13, 1016]
[13, 10995]
[318, 1544, 286, 262, 12266, 3615, 286, 262, 4479, 4486, 2888, 13, 257]
[345, 423, 11, 2396, 994, 257, 1178, 2173, 994, 530, 783, 13, 11]
[262, 338, 326, 11, 290, 13, 318, 262, 286, 373, 11, 422, 475, 11, 262, 281, 13, 284, 356, 1016, 503, 3785, 284, 11, 340, 326, 11, 423, 284, 826, 284, 284, 1016, 284, 319, 11, 826, 262, 466, 290, 625, 262, 286, 307, 284, 11, 262, 821, 290, 428]
[318, 1026, 262, 286, 262, 661, 287, 4387, 8473, 17837, 287, 286, 13, 5366]
[40, 2993, 257, 550, 764, 484]
[345, 12, 389, 287, 810, 1537, 351, 281, 11, 2607, 645, 30, 13, 3492, 532, 821]
[326, 389, 262, 2396, 356, 287, 262, 1804, 994, 3084, 284, 262, 503, 3091, 389, 30, 326]
[1544, 2476, 612, 503, 13, 1037]
[262, 262, 11, 262, 262, 12, 11, 464, 290, 326, 366, 326, 262, 290, 307, 318, 389, 326, 1870, 318, 11, 262, 318, 345, 262, 290, 262, 422, 319, 13, 262, 837, 1735, 11, 2811, 318, 286, 393, 393, 262, 11, 262, 530, 318, 11, 11, 286, 262, 290, 612]
[2504, 561, 13, 340]
[1870, 534, 13, 11077]
[286, 389, 286, 281, 11, 3265, 612, 7045, 546, 262, 9450, 3741, 290, 13, 262, 284, 4, 9316, 11, 389, 477, 307, 477, 9316, 830, 11, 286, 355, 21649, 1722, 287, 13, 262, 11, 612, 11, 583, 11, 11, 13, 2931, 24, 13, 547, 13, 612]
[314, 262, 1639, 373, 329, 351, 319, 314, 655, 314, 760, 3111, 11, 973, 616, 423, 30, 345, 1016, 423, 11, 466, 8788, 546, 30, 812, 11, 2237, 423, 11, 389, 11, 11, 11, 11, 314, 826, 3237, 329, 6405, 523, 1053, 11, 8788, 12, 30, 3988, 11, 262, 356]
[10919, 389, 1804, 5633, 345]
[1026, 477, 612, 338, 1110, 764, 262, 10148, 477, 705, 82, 290, 764, 531, 340, 587, 262, 318, 837, 287, 550, 837, 837, 287, 837, 307, 284, 290, 837, 290, 262, 262, 262, 262, 764, 1026, 764, 2162, 307, 393, 837, 12, 262, 561, 837, 284, 290, 373, 290, 257]
[287, 281, 13, 262, 326, 284, 373, 1544, 262, 2260, 812, 1468, 6802, 1605, 852, 257, 13, 287]
[2061, 318, 30, 326]
[326, 2061, 477, 389, 546, 262, 584, 661, 640, 290, 30, 326]
[764, 3919]
[30, 46010]
[290, 284, 287, 262, 11, 286, 351, 393, 262, 366, 262, 339, 281, 11, 356, 318, 257, 257, 460, 262, 543, 257, 393, 329, 11, 11, 340, 329, 286, 262, 326, 11, 290, 287, 284, 12, 416, 318, 339, 326, 318, 1026, 318, 11, 286, 465, 286, 355, 262, 319]
[1639, 821, 13, 826]
[11, 318, 1544, 318, 338, 475, 284, 11, 810, 290, 356, 262, 514, 389, 329, 13, 318, 287, 340, 262, 339]
[286, 290, 345, 286, 11, 11, 262, 11, 1870, 606, 389, 287, 284, 340, 821, 262, 262, 318, 262, 655, 340, 651, 13, 284, 257, 1016, 892, 314, 3155, 640, 290, 326, 262, 423, 257, 314, 318, 428, 550, 11, 11]
[1026, 318, 502, 284, 13, 1327]
[40, 340, 423, 1978, 466, 3589, 1265, 13, 284]
[11, 2396, 257, 1808, 11, 2089, 262, 655, 1621, 338, 30, 644]
[428, 257, 40, 262, 836, 640, 423, 13, 470]
[284, 366, 366, 1, 40, 389, 423, 262, 477, 366, 13, 286, 1, 326, 262, 290, 366, 373, 464, 345, 1, 366, 366, 262, 366, 262, 1, 366, 318, 366, 262, 284, 262, 1600, 464, 1573, 1911, 366, 1, 290, 6901, 290, 464, 1, 366, 1, 366, 71, 422, 40]
[2061, 345, 30, 1612]
[5633, 43669]
[11, 11, 287, 319, 286, 262, 12, 262, 286, 428, 287, 11, 287, 287, 286, 262, 661, 1722, 3050, 352, 661, 2998, 661, 13, 37688, 4172, 24, 612, 286, 642, 13, 4761, 22, 13, 50, 1524, 287, 3682, 286, 3265, 262, 2953, 4172, 7175, 11, 2481, 13, 2713, 23, 13]
[338, 1026, 257, 1256, 286, 922, 1243, 13, 1804, 764, 389]
