[470, 284, 765, 46270, 1422, 475, 1422, 314, 1282, 11, 284, 351, 1730, 470, 423, 606, 13]
[644, 314, 423, 2396, 11, 351, 30, 345, 550, 9965]
[356, 8066, 821, 392, 783, 284, 764, 4483, 423, 1223]
[13, 17784, 263]
[11, 389, 345, 5812, 645, 11, 1183, 314, 477, 826, 220, 314, 220, 307, 612, 351, 220, 428, 1101, 1760, 764]
[373, 340, 326, 3666, 13052, 717, 339, 1517, 373, 262, 319, 13, 3096, 3888, 503]
[345, 314, 892, 8241, 466, 30, 373, 1016]
[13, 12, 9425]
[644, 821, 356, 1212, 318, 766, 290, 994, 1016, 284, 284, 290, 467, 356, 765, 423, 1309, 338, 5633]
[470, 326, 1975, 40, 836, 13, 340, 373]
[338, 502, 407, 12, 1320, 13, 11, 582]
[314, 470, 460, 1639, 760, 13]
[345, 11, 1804, 2061, 389, 314, 257, 2626, 644, 423, 30, 890, 640]
[30, 2061, 1306]
[345, 314, 892, 35, 756, 13, 290, 40458, 1842, 1770, 318, 290, 11, 262, 1339, 1392, 287, 866, 703, 484, 286, 284, 640, 11, 6041, 262, 11, 2003, 923, 3597, 703, 318, 257, 262, 11, 11, 717, 475, 11, 11, 845, 326, 307, 481, 11, 523, 286, 286, 617, 11]
[467, 532, 0, 1870, 345]
[13, 10449, 345]
[502, 262, 656, 1026, 2900, 290, 2497, 314, 1748, 11, 373, 351, 5017, 257, 11105, 13, 4077, 37413]
[318, 30, 339, 2396, 810]
[11, 765, 314, 16773, 319, 13, 534, 1037]
[470, 597, 423, 40, 1422, 1637, 13]
[477, 11, 826, 2990, 547, 30, 547, 484]
[588, 30, 428, 3792, 428]
[286, 290, 683, 3855, 5755, 329, 13, 607, 307, 3492]
[338, 284, 1016, 464, 4097, 422, 11, 607, 1394, 1497, 673, 645, 468, 290, 326, 11, 318, 428, 649, 1866, 13, 845, 2041]
[290, 338, 340, 10995, 11, 1517, 314, 326, 262, 584, 326, 1682, 11, 1053, 1760, 307, 11, 588, 340, 561, 338, 356, 1744, 475, 340, 1223, 284, 2073, 1053, 1392, 262, 1115, 938, 466, 379, 13, 393, 517]
[470, 644, 760, 40, 836, 8066, 11, 423, 484, 821, 612, 307, 1183, 475, 220, 329, 981, 257, 262, 761, 611, 11, 262, 13, 5583, 326, 338]
[314, 351, 373, 40, 531, 606, 13]
[284, 262, 1064, 1135, 761, 11, 13, 15967, 1306, 2156]
[460, 3505, 470, 5779, 314, 338, 314, 780, 644, 326, 314, 287, 1101, 11, 326, 286, 614, 1115, 262, 1785, 329, 11, 477, 338, 11, 13, 284, 938]
[13, 12, 10528]
[257, 319, 4822, 10919, 750, 5633, 326, 1492]
[318, 30, 339, 2437, 1468]
[338, 318, 7894, 464, 31134, 7894, 290, 11, 663, 898, 284, 11, 326, 826, 736, 13, 290, 6071]
[534, 11, 2951, 1639, 2005, 11, 11, 880, 616, 13674, 13, 407, 6164]
[345, 826, 821, 2949, 11, 13]
[345, 13, 466, 40, 760]
[30, 1639, 1760]
[616, 318, 4459, 1870, 780, 262, 11, 886, 11, 379, 423, 428, 1760, 326, 484, 13, 329, 514]
[11, 502, 1309, 3237, 826, 257, 517, 1310, 2962, 319, 290, 262, 2987, 14742, 1204, 1762, 257, 351, 3081, 286, 286, 379, 4673, 1762, 2033, 1524, 281, 11521, 13]
[13, 3237, 826]
[373, 287, 4642, 3629, 608, 287, 13, 6342, 1248, 5774]
[356, 651, 1183, 482, 323, 764, 534, 14958]
[760, 484, 318, 3237, 484, 13, 655, 783]
[262, 13, 640, 6943, 286]
[262, 13, 1621, 5562, 338]
[651, 503, 345, 1544, 460, 351, 13, 683, 257, 835]
[314, 470, 836, 6104, 611, 11, 561, 673, 1833, 326, 379, 2589, 262, 1683, 1702, 314, 262, 550, 11, 780, 2126, 287, 2406, 5650, 4094, 618, 1625, 673, 262, 1499, 13, 284, 467]
[502, 1890, 26535, 13]
[345, 284, 2111, 5195, 389, 30, 19437, 661]
