[338, 1532, 340, 326, 8788, 11, 13, 338, 3734]
[460, 2396, 484, 262, 910, 326, 262, 2756, 286, 11, 2508, 290, 13, 393, 362, 4961, 24, 318, 13, 284, 326]
[345, 1537, 611, 284, 991, 423, 284, 670, 220, 76, 1700, 337, 13]
[11, 1639, 760, 340, 484, 925, 345, 8631, 11, 503, 460, 467, 262, 11, 3551, 503, 5470, 1352, 338, 326, 326, 11, 2124, 736, 502, 523, 1309, 11, 787, 362, 625, 513, 11, 314, 513, 13, 787, 466, 257, 2124, 362, 1220, 13, 513, 13]
[0, 1870, 788]
[986, 8491, 345, 986, 389, 345]
[1392, 1639, 1053, 287, 257, 1545, 30, 262, 1641]
[10995, 13]
[262, 1544, 373, 286, 1218, 1182, 13, 262, 8244]
[345, 2061, 466, 366, 3285, 11, 276, 40, 21207, 13, 284, 1583, 46, 33, 13, 703, 13, 837, 30, 318, 340]
[262, 1544, 373, 286, 717, 1893, 7023, 262, 2351, 287, 286, 2253, 286, 257, 614, 13, 3230, 2139]
[356, 5812, 11, 13, 821, 2460]
[373, 44, 388, 11, 257, 22427, 12, 257, 922, 13, 11534, 582]
[319, 1026, 338, 13]
[13, 46655, 866]
[470, 5195, 3521, 284, 345, 467, 30, 262, 4436]
[286, 464, 3139, 318, 428, 7850, 11, 309, 1501, 262, 7042, 422, 257, 6341, 286, 7850, 13]
[326, 9139, 1931, 373, 373, 220, 1931, 530, 326, 262, 326, 810, 287, 38157, 550, 407, 220, 550, 373, 587, 1931, 286, 2192, 530, 13, 262, 2173]
[11, 16773, 319, 616, 736, 11, 40003, 13]
[423, 1639, 815, 379, 925, 617, 13, 417, 5344]
[467, 40, 2236, 11, 351, 345, 481, 290, 345, 502, 1282, 351, 13]
[11, 1, 25515, 11, 616, 1793, 11, 11752, 340, 502, 340, 1838, 338, 4240, 340, 307, 1016, 284, 428, 2407, 3489, 356, 318, 618, 422, 1011, 1497, 356, 262, 1621, 340, 460, 766, 257, 757, 355, 13, 2081, 2003]
[655, 5779, 11, 326, 284, 2453, 262, 314, 1101, 994, 691, 582, 423, 508, 714, 407, 3724, 290, 13, 326, 530]
[314, 34653, 11, 338, 892, 340, 326, 326, 338, 326, 314, 1254, 326, 314, 11, 326, 11, 2911, 428, 262, 612, 318, 262, 1109, 326, 389, 11, 612, 287, 884, 1931, 286, 257, 1256, 612, 1109, 11, 314, 338, 11, 612, 1183, 307, 11, 11, 1931, 821, 810, 356, 220]
[534, 1135, 761, 1037, 0, 284, 477, 514, 651, 13, 3111, 503]
[616, 1544, 338, 26301, 13]
[286, 818, 15275, 262, 867, 2250, 286, 1903, 25371, 11, 262, 1175, 284, 9818, 19960, 286, 2824, 3354, 1956, 262, 584, 262, 11, 4855, 286, 29272, 2585, 11, 2258, 2031, 2520, 290, 262, 373, 11, 340, 1566, 257, 1295, 262, 867, 286, 422, 3354, 10282, 11, 3687, 5478, 262, 7421]
[423, 20839, 345, 640, 257, 1327, 2084, 2406, 510, 5633]
[10995, 764]
[11, 12, 18689, 11, 314, 1612, 1392, 345, 1053, 345, 284, 423, 760, 13]
[13, 464, 5416, 11, 3977, 6612, 262, 508, 2714, 50, 471, 13, 11, 13, 5407, 287, 7817, 10902, 290, 968, 1971, 11, 2520, 5913, 287, 339, 18419, 290, 262, 1597, 339, 11, 14530, 2607, 2714, 465, 262, 290, 5399, 286, 44150, 8785, 355, 1605, 46446, 2888, 257, 649, 290, 286]
[11, 3260, 6357, 290, 257, 2933, 373, 257, 2933, 287, 1413, 11, 340, 13]
[655, 1544, 468, 257, 2077, 284, 416, 18674]
[466, 2396, 644, 284, 345, 423, 428, 5490, 546, 30]
[30, 12, 5338, 13, 532]
[11, 12, 17250, 1995, 13]
[373, 464, 5062, 23851, 15704, 23851, 1578, 416, 32022, 671, 1829, 23851, 12, 262, 36516, 12, 325, 273, 13, 16129, 6802]
[345, 5195, 750, 262, 869, 683, 30, 938, 530]
[466, 392, 644, 910, 262, 12967, 5633]
[318, 7120, 1204, 13, 477, 6164]
[2061, 30]
[262, 1026, 338, 314, 717, 1517, 284, 1464, 765, 318, 910, 11, 345, 355, 611, 314, 760, 644, 284, 1101, 1016, 326, 466, 11, 345, 1183, 1577, 11, 720, 1238, 13, 720, 1238]
[13, 45, 3008]
[13, 3673, 922]
[262, 8567, 329, 837, 922, 28637, 837, 339, 8391, 423, 7559, 314, 465, 8104, 7263, 10148, 15807, 764]
[13, 2949, 645]
[470, 40, 836, 345, 760, 810, 287, 821, 1016, 13, 262, 1097]
[470, 1639, 1422, 510, 772, 7765, 683, 290, 787, 1755, 4043, 10597, 30]
[262, 1639, 466, 262, 1334, 286, 345, 3096, 11, 503, 651, 3511, 345, 11, 290, 612, 651, 510, 13]
[477, 1135, 821, 287, 1016, 736, 30, 49271, 345]
